Drums
1.466;1.25606;0.789273;0.913933;-1.40086;1.25231;-1.62074;1.4953;0.369765;0.37294;0.260847;0.209841;
1.26431;1.43038;0.898914;0.890561;-1.22517;1.33536;-1.49416;1.58442;0.371303;0.364001;0.292781;0.256842;
1.25547;1.36332;0.900962;0.841683;-1.13724;1.40228;-1.48858;1.40925;0.349613;0.358888;0.112344;0.0696276;
1.62947;1.17654;0.857975;0.788857;-1.44956;1.13085;-1.48322;1.4482;0.317116;0.375737;0.32211;0.135274;
1.3025;1.37404;0.866313;0.95135;-1.16288;1.38849;-1.47767;1.37036;0.340182;0.337144;0.286791;0.2297;
1.13389;1.54046;0.928303;0.932574;-1.04759;1.49533;-1.4805;1.37437;0.35914;0.342028;0.171039;0.127255;
1.22816;1.46163;0.850359;0.928104;-1.1331;1.46816;-1.48757;1.39679;0.368516;0.337646;0.187532;0.273041;
1.23187;1.52374;0.854521;0.943847;-1.14392;1.51811;-1.48747;1.40189;0.365505;0.338338;0.122416;0.229625;
1.28043;1.57718;0.855747;0.988001;-1.18368;1.53852;-1.49514;1.40453;0.360405;0.339059;0.104805;0.159637;
1.35409;1.5784;0.853225;0.973984;-1.24329;1.5302;-1.49571;1.40089;0.351992;0.338984;0.158746;0.0875882;
1.5526;1.52058;0.75093;1.21347;-1.40713;1.42035;-1.4988;1.34645;0.33932;0.34046;0.339436;0.155016;
1.5526;1.52058;0.75093;1.21347;-1.40713;1.42035;-1.4988;1.34645;0.33932;0.34046;0.339436;0.155016;
1.65181;1.44444;0.728481;1.2307;-1.48594;1.34648;-1.4943;1.56788;0.334421;0.345461;0.374429;0.218323;
1.70999;1.70779;0.736299;0.639112;-1.54762;1.28068;-1.4845;1.8357;0.332765;0.347069;0.363846;0.28394;
1.74303;1.65805;0.761066;0.660356;-1.58211;1.24139;-1.46059;1.83639;0.332858;0.350307;0.208751;0.207366;
1.75733;1.62115;0.744957;0.686684;-1.58321;1.23621;-1.44964;1.84157;0.335764;0.351193;0.121526;0.135513;
1.72636;1.59306;0.74784;0.723159;-1.55628;1.26666;-1.43582;1.83878;0.339435;0.348736;0.0845818;0.0986775;
1.60271;1.592;0.781565;0.715585;-1.49006;1.32398;-1.44722;1.82644;0.342628;0.34279;0.115379;0.12388;
1.49806;1.59284;0.702705;0.769814;-1.39911;1.40169;-1.46224;1.8003;0.351697;0.339511;0.218435;0.196933;
1.37624;1.53268;0.731086;0.855047;-1.30312;1.48137;-1.50002;1.67974;0.359609;0.339463;0.304648;0.244925;
1.29571;1.57956;0.720613;0.87264;-1.23683;1.53845;-1.49907;1.6716;0.367077;0.337481;0.319559;0.24295;
1.26314;1.68718;0.768458;0.841051;-1.20615;1.59004;-1.48967;1.59445;0.366074;0.339807;0.262548;0.208028;
1.26635;1.67951;0.752727;0.827375;-1.22229;1.61469;-1.49257;1.69585;0.360505;0.343691;0.176703;0.15127;
1.37244;1.65157;0.770743;0.825704;-1.26338;1.60112;-1.50361;1.70209;0.349709;0.345324;0.153578;0.104674;
1.44727;1.65341;0.797556;0.839078;-1.33596;1.54976;-1.51049;1.55126;0.341398;0.350788;0.187826;0.118286;
1.49809;1.60596;0.78221;0.843718;-1.3972;1.53363;-1.49698;1.55882;0.348929;0.355109;0.23355;0.261945;
1.54073;1.52741;0.757127;0.861066;-1.47462;1.45786;-1.51036;1.53693;0.335344;0.362393;0.290998;0.323765;
1.63897;1.52709;0.658009;0.928338;-1.40814;1.44516;-1.47748;1.5976;0.324063;0.337188;0.240718;0.228675;
1.74308;1.20469;0.643453;1.0797;-1.47759;1.34637;-1.47316;1.53165;0.318625;0.341383;0.251235;0.292938;
1.76097;1.38753;0.730733;0.812368;-1.52562;1.26574;-1.47667;1.55843;0.314057;0.345463;0.220899;0.304542;
1.78905;1.36039;0.734199;0.73578;-1.5444;1.2201;-1.48079;1.55204;0.31156;0.347864;0.157404;0.260076;
1.77074;1.32677;0.774049;0.7918;-1.52415;1.21657;-1.47176;1.54738;0.31187;0.346895;0.110035;0.181886;
1.72975;1.36707;0.76852;0.794327;-1.45614;1.24895;-1.45875;1.54697;0.309476;0.340408;0.124504;0.151321;
1.72975;1.36707;0.76852;0.794327;-1.45614;1.24895;-1.45875;1.54697;0.309476;0.340408;0.124504;0.151321;
1.60063;1.4206;0.803897;0.825996;-1.36611;1.30643;-1.4563;1.5512;0.319521;0.334944;0.202366;0.173896;
1.49374;1.51435;0.778472;0.790871;-1.2862;1.39122;-1.47317;1.56659;0.330266;0.325703;0.274179;0.248009;
1.38107;1.57606;0.780035;0.817355;-1.21697;1.48365;-1.47079;1.56227;0.337844;0.318555;0.296001;0.289684;
1.3131;1.80211;0.80651;1.01784;-1.19071;1.56079;-1.49123;1.33123;0.341569;0.317208;0.252928;0.288371;
1.37139;1.84637;0.718235;1.05087;-1.20052;1.60778;-1.50512;1.32916;0.339877;0.315574;0.176266;0.234418;
1.45337;1.87709;0.654179;1.09037;-1.23479;1.64397;-1.50688;1.31743;0.332892;0.319163;0.126824;0.206841;
1.47244;1.57795;0.804571;1.01537;-1.28899;1.59252;-1.52064;1.49569;0.324013;0.321284;0.127634;0.188725;
1.58928;1.48438;0.750535;0.98933;-1.35607;1.50781;-1.51715;1.52542;0.316158;0.323151;0.178264;0.235796;
1.71306;1.38936;0.715494;0.936376;-1.43309;1.41359;-1.52572;1.56151;0.30843;0.330244;0.218055;0.270349;
1.82161;1.21876;0.728192;0.965327;-1.54974;1.24813;-1.53069;1.54801;0.308751;0.336961;0.276308;0.39996;
1.82161;1.21876;0.728192;0.965327;-1.54974;1.24813;-1.53069;1.54801;0.308751;0.336961;0.276308;0.39996;
1.84518;1.17829;0.720914;0.975218;-1.57017;1.20546;-1.52743;1.54059;0.310963;0.338894;0.226649;0.355651;
1.82025;1.19002;0.730602;0.972981;-1.55656;1.20322;-1.52663;1.53822;0.315095;0.337602;0.168086;0.261641;
1.75723;1.22416;0.74288;0.970685;-1.51149;1.23545;-1.52335;1.53584;0.322352;0.330279;0.101011;0.119122;
1.40855;1.49362;0.77365;1.00057;-1.22376;1.55684;-1.51751;1.53983;0.343944;0.311831;0.251409;0.290545;
1.35665;1.63778;0.759796;0.88473;-1.33239;1.58652;-1.51138;1.4717;0.367496;0.338212;0.36087;0.389954;
1.25853;1.77218;0.773643;0.948797;-1.28209;1.70627;-1.50972;1.44708;0.369751;0.337798;0.354157;0.448976;
1.45359;1.71357;0.735629;0.965085;-1.36523;1.66551;-1.50601;1.44228;0.343056;0.340846;0.405573;0.403263;
1.45359;1.71357;0.735629;0.965085;-1.36523;1.66551;-1.50601;1.44228;0.343056;0.340846;0.405573;0.403263;
1.58578;1.62673;0.733687;0.959807;-1.43332;1.59154;-1.49094;1.44365;0.331056;0.347752;0.302025;0.272598;
1.58578;1.62673;0.733687;0.959807;-1.43332;1.59154;-1.49094;1.44365;0.331056;0.347752;0.302025;0.272598;
1.79779;1.38617;0.729048;0.902702;-1.58583;1.36919;-1.47794;1.61162;0.313557;0.356128;0.411763;0.398211;
1.79779;1.38617;0.729048;0.902702;-1.58583;1.36919;-1.47794;1.61162;0.313557;0.356128;0.411763;0.398211;
1.83983;1.31233;0.739376;0.910211;-1.64005;1.3013;-1.47746;1.61659;0.312968;0.363245;0.325713;0.440658;
1.83983;1.31233;0.739376;0.910211;-1.64005;1.3013;-1.47746;1.61659;0.312968;0.363245;0.325713;0.440658;
1.82789;1.28546;0.739039;0.917331;-1.64258;1.3109;-1.47413;1.52437;0.320289;0.356013;0.266761;0.38123;
1.78783;1.39085;0.727765;0.896555;-1.59121;1.38014;-1.47287;1.52177;0.326352;0.345559;0.147649;0.209939;
1.70124;1.50686;0.722317;0.886341;-1.51949;1.47564;-1.4724;1.52183;0.337162;0.335971;0.182018;0.235282;
1.58109;1.58822;0.736688;0.889339;-1.44399;1.58012;-1.47856;1.61026;0.350816;0.327163;0.251493;0.324381;
1.48289;1.75792;0.750444;0.976972;-1.3898;1.6894;-1.48243;1.44951;0.361292;0.326364;0.273852;0.355943;
1.45605;1.98779;0.752445;1.05309;-1.38156;1.75762;-1.4803;1.36097;0.362626;0.324816;0.215455;0.319899;
1.51343;2.00898;0.74339;1.05449;-1.41264;1.79219;-1.48061;1.38701;0.353775;0.322626;0.163766;0.239431;
1.62686;1.94865;0.73618;1.10163;-1.47415;1.78976;-1.48275;1.37551;0.341358;0.323446;0.160448;0.132855;
1.75283;1.89211;0.738112;1.05908;-1.54925;1.77228;-1.48604;1.40293;0.32929;0.330163;0.218749;0.129156;
1.85844;1.70563;0.769702;1.07321;-1.62362;1.69529;-1.4767;1.49932;0.320891;0.330244;0.25843;0.176366;
1.96869;1.58193;0.78557;1.00124;-1.68885;1.57649;-1.4661;1.54662;0.311632;0.333795;0.257663;0.29646;
2.05193;1.45488;0.814724;0.933408;-1.73512;1.43194;-1.45272;1.58088;0.309716;0.337695;0.225144;0.385636;
2.08293;1.37493;0.836571;0.905426;-1.75254;1.34073;-1.44761;1.59403;0.310532;0.347213;0.165084;0.405354;
2.07202;1.25524;0.803635;0.930614;-1.73361;1.29281;-1.44586;1.52763;0.309739;0.350585;0.112785;0.325122;
2.00395;1.28046;0.783832;0.907639;-1.67166;1.30112;-1.45761;1.52552;0.321476;0.347061;0.140281;0.178129;
1.89504;1.33108;0.747933;0.901478;-1.58587;1.34662;-1.47541;1.52457;0.331217;0.341493;0.21838;0.126265;
1.78233;1.41089;0.724184;0.868277;-1.48752;1.41381;-1.4898;1.52873;0.343597;0.33881;0.317521;0.14965;
1.42011;1.71418;0.69833;0.891764;-1.32573;1.68507;-1.56193;1.49439;0.388373;0.346784;0.183434;0.246288;
1.22374;1.72878;0.920819;0.687803;-1.3096;1.66536;-1.56379;1.55287;0.395095;0.376774;0.472459;0.430121;
1.52166;1.39112;0.896007;0.768413;-1.51374;1.40463;-1.63435;1.57352;0.369099;0.389992;0.548191;0.578038;
1.60559;1.30456;0.870792;0.744779;-1.56156;1.33593;-1.61749;1.57044;0.358908;0.397694;0.513525;0.5509;
1.60559;1.30456;0.870792;0.744779;-1.56156;1.33593;-1.61749;1.57044;0.358908;0.397694;0.513525;0.5509;
1.64611;1.2008;0.922033;0.809419;-1.58502;1.30224;-1.56552;1.56112;0.352315;0.39747;0.478739;0.518289;
1.62093;1.21008;0.923047;0.799416;-1.56988;1.31179;-1.55362;1.55798;0.350184;0.394356;0.188109;0.177843;
1.54374;1.31254;0.942015;0.749111;-1.52998;1.35457;-1.58701;1.55788;0.35512;0.391257;0.14796;0.142198;
1.4328;1.38623;0.899551;0.725825;-1.45285;1.40947;-1.58716;1.56358;0.367482;0.38802;0.179596;0.163601;
1.32567;1.44419;0.887208;0.71873;-1.36499;1.47247;-1.57727;1.55724;0.380445;0.384396;0.251165;0.217856;
1.1815;1.58184;0.923345;0.669043;-1.27416;1.53773;-1.52878;1.54638;0.388884;0.380863;0.32035;0.240946;
1.03987;1.63889;0.9739;0.671683;-1.20784;1.59044;-1.47877;1.62436;0.396147;0.380089;0.317975;0.234806;
1.01175;1.64944;0.965032;0.690161;-1.18182;1.61362;-1.47501;1.62708;0.399762;0.379812;0.243027;0.190349;
1.01175;1.64944;0.965032;0.690161;-1.18182;1.61362;-1.47501;1.62708;0.399762;0.379812;0.243027;0.190349;
1.05091;1.63702;0.964331;0.722968;-1.19021;1.61227;-1.47616;1.62021;0.394089;0.378126;0.157279;0.124643;
1.1381;1.59468;0.961257;0.73683;-1.23186;1.58023;-1.48414;1.6242;0.386533;0.382391;0.135764;0.102349;
1.22719;1.5603;0.945873;0.69298;-1.29224;1.51332;-1.49478;1.66768;0.376887;0.387212;0.187075;0.152158;
1.31274;1.4214;0.925672;0.735854;-1.35332;1.4231;-1.5241;1.55927;0.368071;0.393819;0.242386;0.25214;
1.58798;1.21551;0.828554;0.784636;-1.51839;1.25366;-1.65038;1.55143;0.353997;0.400896;0.387084;0.425966;
1.58798;1.21551;0.828554;0.784636;-1.51839;1.25366;-1.65038;1.55143;0.353997;0.400896;0.387084;0.425966;
1.57242;1.23546;0.817235;0.785771;-1.5112;1.26839;-1.64933;1.55256;0.354396;0.396131;0.30725;0.363305;
1.51236;1.28907;0.800365;0.778664;-1.47172;1.30937;-1.6532;1.55286;0.359394;0.388229;0.26895;0.306757;
1.18243;1.47685;0.976539;0.770904;-1.31282;1.44701;-1.50439;1.54846;0.38357;0.376315;0.252732;0.24017;
1.18243;1.47685;0.976539;0.770904;-1.31282;1.44701;-1.50439;1.54846;0.38357;0.376315;0.252732;0.24017;
1.09279;1.5752;0.969822;0.755662;-1.23274;1.51797;-1.50134;1.53009;0.388062;0.372349;0.307231;0.266831;
1.03953;1.63078;0.966697;0.749119;-1.1856;1.56945;-1.49703;1.61982;0.388851;0.36962;0.271508;0.243094;
1.05678;1.65308;0.959614;0.764147;-1.18322;1.59941;-1.49624;1.61217;0.383778;0.368866;0.183938;0.187925;
1.11767;1.63756;0.951397;0.773297;-1.21477;1.59148;-1.49533;1.61159;0.375836;0.369372;0.137756;0.112365;
1.24686;1.6383;0.919728;0.771785;-1.26572;1.55267;-1.5078;1.5015;0.365259;0.370636;0.158771;0.0984826;
1.35764;1.55731;0.897643;0.770785;-1.33492;1.48165;-1.51659;1.50242;0.352689;0.374112;0.232944;0.151145;
1.47818;1.42916;0.875497;0.780714;-1.41534;1.38502;-1.51318;1.52114;0.34308;0.380515;0.27938;0.262294;
1.647;1.3782;0.932546;0.794188;-1.56374;1.3351;-1.42039;1.54207;0.335318;0.370195;0.0962865;0.140687;
1.32126;1.6345;0.865605;0.80812;-1.30765;1.54094;-1.48541;1.5019;0.357655;0.354161;0.124145;0.0788286;
1.72724;1.30908;0.848483;0.84746;-1.5826;1.27791;-1.47187;1.52039;0.331077;0.356951;0.230081;0.250668;
1.31594;1.53324;0.819765;0.862256;-1.2615;1.52765;-1.50236;1.60331;0.362144;0.328765;0.354717;0.261231;
1.65669;1.42923;0.793633;0.849607;-1.47432;1.3729;-1.5175;1.59644;0.324848;0.344062;0.253815;0.2707;
1.5169;1.53158;0.790627;0.824041;-1.42795;1.481;-1.53925;1.55022;0.362121;0.32342;0.271941;0.253047;
1.44259;1.64574;0.781665;0.952339;-1.34106;1.58691;-1.58862;1.49206;0.349814;0.324134;0.148065;0.126274;
1.84257;1.1834;0.787773;0.870586;-1.63667;1.16475;-1.52596;1.5281;0.322387;0.353014;0.221403;0.280652;
1.25102;1.63561;0.819192;0.826995;-1.23486;1.60277;-1.55986;1.59376;0.371218;0.337304;0.193446;0.19046;
1.80113;1.23473;0.784809;0.851111;-1.61554;1.29164;-1.51435;1.56063;0.317053;0.362169;0.26381;0.277147;
1.28855;1.75505;0.836244;0.812733;-1.20845;1.65852;-1.51832;1.5878;0.358943;0.33716;0.276833;0.246034;
1.68595;1.44569;0.810437;0.795526;-1.51316;1.34587;-1.48031;1.62171;0.334963;0.361847;0.28297;0.307419;
1.22626;1.83455;0.835079;1.02104;-1.21893;1.66599;-1.5045;1.35887;0.395226;0.337194;0.374144;0.205301;
1.62443;1.31602;0.828186;0.849856;-1.4524;1.18129;-1.47258;1.59363;0.342529;0.361719;0.282033;0.338583;
1.25553;1.41149;0.843468;0.855242;-1.21151;1.32614;-1.50234;1.50582;0.396264;0.346146;0.384754;0.246564;
1.39917;1.44166;0.850825;0.82911;-1.28886;1.34434;-1.54548;1.52987;0.36734;0.346396;0.253541;0.197193;
1.44943;1.33044;0.881726;0.819802;-1.34866;1.23961;-1.48426;1.48162;0.361327;0.354715;0.159094;0.145847;
1.45659;1.55101;0.818558;0.819382;-1.3098;1.41585;-1.51105;1.46174;0.351049;0.340427;0.277581;0.194897;
1.26159;1.46739;0.947555;0.82533;-1.22383;1.31148;-1.47169;1.4896;0.361854;0.347962;0.29854;0.174202;
1.07662;1.724;0.936366;0.810918;-1.0882;1.54398;-1.45002;1.47905;0.366269;0.336676;0.115549;0.16805;
1.63475;1.34116;0.896073;0.8282;-1.52304;1.19501;-1.46459;1.48969;0.326171;0.357592;0.273026;0.268768;
1.19933;1.55669;0.885393;0.82477;-1.16564;1.412;-1.48409;1.50224;0.369433;0.341043;0.378448;0.254103;
1.26171;1.60595;0.867536;0.816134;-1.20479;1.42223;-1.49257;1.49238;0.358018;0.341932;0.167455;0.129412;
1.51131;1.40842;0.895449;0.837598;-1.43675;1.27501;-1.46089;1.50195;0.337596;0.356214;0.104224;0.115699;
1.24417;1.69018;0.899435;0.791519;-1.17682;1.52025;-1.47611;1.49314;0.355524;0.3457;0.109741;0.0884817;
1.69579;1.28026;0.889055;0.868758;-1.53435;1.19221;-1.45311;1.5024;0.329349;0.353694;0.235941;0.219224;
1.19828;1.59982;0.877682;0.845962;-1.19085;1.50584;-1.49289;1.60998;0.367759;0.316812;0.357353;0.271905;
1.59699;1.25597;0.828488;0.925649;-1.40451;1.23522;-1.50964;1.49201;0.328568;0.340543;0.209086;0.317543;
1.31985;1.46923;0.877803;0.857319;-1.18572;1.3132;-1.49633;1.55149;0.352291;0.314188;0.296004;0.207791;
1.60456;1.51164;0.834512;0.85592;-1.36969;1.29868;-1.51761;1.58996;0.315232;0.314435;0.26315;0.167951;
1.59223;1.32615;0.876841;0.877721;-1.32457;1.2315;-1.47023;1.48079;0.323052;0.326127;0.201549;0.134391;
1.39027;1.58893;0.871429;1.05461;-1.23051;1.50597;-1.51032;1.27895;0.338025;0.321939;0.118371;0.139113;
1.84669;1.28643;0.88086;0.824944;-1.52129;1.25201;-1.4602;1.49382;0.281457;0.355117;0.203636;0.101711;
1.21465;1.58279;0.917837;0.856201;-1.16181;1.56594;-1.54992;1.54001;0.368435;0.349249;0.339276;0.22728;
1.69031;1.18105;0.808506;0.851317;-1.50167;1.18796;-1.50835;1.46412;0.341138;0.375608;0.290396;0.297344;
1.17559;1.54627;0.860323;0.830566;-1.11965;1.51312;-1.52559;1.56429;0.381722;0.34218;0.396345;0.259582;
1.38076;1.44886;0.904974;0.853146;-1.24484;1.38733;-1.56976;1.57376;0.359005;0.350683;0.220638;0.226255;
1.34521;1.65485;0.895749;0.805371;-1.26756;1.4818;-1.56644;1.55812;0.336163;0.345882;0.301927;0.256279;
1.52614;1.45311;0.788959;0.795415;-1.35242;1.37389;-1.58796;1.58542;0.352436;0.354426;0.253893;0.299263;
1.70904;1.33153;0.776463;0.796145;-1.52183;1.22121;-1.53107;1.55597;0.337576;0.36454;0.405908;0.459306;
1.70904;1.33153;0.776463;0.796145;-1.52183;1.22121;-1.53107;1.55597;0.337576;0.36454;0.405908;0.459306;
1.67679;1.3276;0.807684;0.789136;-1.54259;1.22288;-1.53634;1.54636;0.32952;0.362043;0.410352;0.401826;
1.63524;1.37871;0.829204;0.772771;-1.52223;1.2712;-1.55046;1.54407;0.329399;0.356381;0.341419;0.34637;
1.58358;1.50608;0.814576;0.764336;-1.45702;1.35416;-1.58677;1.5573;0.338304;0.347849;0.228536;0.241637;
1.45592;1.55885;0.799264;0.768933;-1.35675;1.44223;-1.54043;1.5471;0.357234;0.343779;0.29077;0.290928;
1.35388;1.6333;0.863401;0.810593;-1.24697;1.52548;-1.5837;1.5336;0.366462;0.339063;0.384857;0.318397;
1.25874;1.63829;0.84247;0.880541;-1.20638;1.57474;-1.56194;1.59459;0.371873;0.338911;0.376191;0.275644;
1.28147;1.62205;0.816088;0.866184;-1.21142;1.57025;-1.55694;1.59364;0.370738;0.338222;0.275033;0.208342;
1.28147;1.62205;0.816088;0.866184;-1.21142;1.57025;-1.55694;1.59364;0.370738;0.338222;0.275033;0.208342;
1.34675;1.57775;0.80417;0.853555;-1.2541;1.52132;-1.57151;1.576;0.362605;0.340552;0.177908;0.171275;
1.52587;1.41739;0.795526;0.837886;-1.3987;1.31854;-1.56935;1.54636;0.349781;0.350902;0.25959;0.345394;
1.52587;1.41739;0.795526;0.837886;-1.3987;1.31854;-1.56935;1.54636;0.349781;0.350902;0.25959;0.345394;
1.67991;1.33713;0.796236;0.857359;-1.48181;1.24041;-1.54957;1.5386;0.341858;0.35407;0.315783;0.403853;
1.72075;1.28066;0.803619;0.832568;-1.53285;1.2127;-1.5485;1.5243;0.337616;0.354629;0.318917;0.37581;
1.73133;1.29941;0.824189;0.827941;-1.54152;1.23941;-1.53236;1.52211;0.335443;0.352196;0.17477;0.172693;
1.68592;1.37779;0.833952;0.832522;-1.505;1.30076;-1.52954;1.52388;0.33846;0.345202;0.122185;0.153091;
1.57032;1.49783;0.837217;0.828817;-1.41767;1.38322;-1.53415;1.5349;0.348871;0.340505;0.16626;0.211198;
1.42456;1.63153;0.842418;0.822837;-1.3034;1.46638;-1.54493;1.54248;0.362597;0.338036;0.288171;0.271384;
1.3374;1.66783;0.845667;0.829829;-1.22949;1.53148;-1.55767;1.56196;0.365;0.335223;0.337953;0.273456;
1.30282;1.67688;0.839872;0.834801;-1.20691;1.55442;-1.56256;1.56376;0.362964;0.335839;0.272438;0.206451;
1.3318;1.64907;0.832882;0.839941;-1.22371;1.53874;-1.5701;1.56749;0.359727;0.339755;0.163029;0.128415;
1.49636;1.47365;0.814409;0.80891;-1.34557;1.35498;-1.56986;1.50359;0.350077;0.355694;0.242449;0.263509;
1.60172;1.34106;0.805686;0.819126;-1.43081;1.25798;-1.56496;1.4993;0.343014;0.363001;0.312491;0.349582;
1.67351;1.22946;0.818305;0.828848;-1.49814;1.20103;-1.54232;1.50628;0.339334;0.368459;0.366122;0.407303;
1.71279;1.19442;0.831219;0.830598;-1.52829;1.19183;-1.51637;1.50949;0.335803;0.369525;0.240054;0.223726;
1.67424;1.27077;0.853378;0.78833;-1.50376;1.22893;-1.50007;1.51721;0.33554;0.364082;0.166131;0.166109;
1.60439;1.32332;0.844851;0.795961;-1.4336;1.29668;-1.497;1.51851;0.34291;0.358244;0.164142;0.179878;
1.442;1.43184;0.895302;0.776975;-1.30841;1.37697;-1.5211;1.52878;0.353531;0.350771;0.260791;0.255047;
1.34678;1.55228;0.869346;0.776771;-1.20138;1.47062;-1.52833;1.52168;0.365512;0.344465;0.357451;0.308401;
1.29708;1.67501;0.861605;0.815927;-1.14956;1.55076;-1.53441;1.47967;0.361954;0.339007;0.345247;0.316547;
1.29965;1.68151;0.858775;0.800206;-1.15513;1.58973;-1.52638;1.51782;0.355497;0.335406;0.251141;0.258166;
1.38351;1.75265;0.852797;0.805962;-1.19923;1.56992;-1.53492;1.46409;0.349182;0.33181;0.201365;0.178935;
1.46468;1.65765;0.842272;0.813691;-1.27776;1.48459;-1.53265;1.46241;0.342008;0.335501;0.245654;0.175202;
1.55704;1.52451;0.87836;0.833906;-1.37771;1.37085;-1.47377;1.48236;0.331564;0.345199;0.326105;0.267012;
1.55704;1.52451;0.87836;0.833906;-1.37771;1.37085;-1.47377;1.48236;0.331564;0.345199;0.326105;0.267012;
1.70517;1.36376;0.88311;0.850993;-1.48485;1.24493;-1.43968;1.48812;0.324597;0.356763;0.36611;0.392077;
1.79943;1.24495;0.896823;0.857235;-1.55487;1.15615;-1.42493;1.48236;0.323123;0.364607;0.327755;0.412423;
1.8344;1.19734;0.925645;0.857343;-1.58683;1.13081;-1.40022;1.49382;0.323494;0.365412;0.239083;0.335653;
1.80772;1.2373;0.907802;0.824592;-1.55811;1.15326;-1.39415;1.49686;0.324962;0.362701;0.154133;0.217278;
1.69308;1.2817;0.899083;0.829429;-1.48166;1.2122;-1.4164;1.50118;0.333091;0.354987;0.16587;0.180322;
1.44168;1.42185;0.909065;0.77053;-1.34386;1.29823;-1.47166;1.52589;0.359515;0.348785;0.299397;0.217753;
1.29319;1.61654;1.05115;0.712501;-1.23516;1.40222;-1.52936;1.53588;0.360468;0.342762;0.400049;0.298866;
1.19876;1.70404;0.973916;0.733975;-1.14994;1.49572;-1.51302;1.52578;0.361573;0.340943;0.427004;0.32399;
1.18322;1.75861;0.941484;0.754519;-1.12769;1.55488;-1.50333;1.52661;0.361319;0.340163;0.281583;0.293214;
1.21874;1.76818;0.927633;0.763935;-1.16017;1.56078;-1.49983;1.51844;0.357034;0.339049;0.186751;0.189741;
1.30691;1.71389;0.909397;0.775208;-1.22331;1.51953;-1.50119;1.51325;0.349494;0.342637;0.155794;0.13929;
1.42556;1.6034;0.897139;0.775423;-1.31561;1.41556;-1.50418;1.5131;0.340791;0.349591;0.237174;0.194484;
1.56187;1.45805;0.888318;0.780468;-1.41279;1.28795;-1.49744;1.52001;0.332306;0.356742;0.309493;0.330028;
1.66657;1.34234;0.927669;0.788142;-1.49597;1.19902;-1.41054;1.5269;0.32686;0.359824;0.31919;0.384973;
1.70173;1.30112;0.925655;0.792716;-1.51981;1.16961;-1.41007;1.52857;0.324704;0.359501;0.239122;0.296044;
1.67508;1.33315;0.92569;0.796918;-1.49042;1.19523;-1.40589;1.52867;0.32594;0.350237;0.154727;0.188531;
1.5859;1.40749;0.918229;0.798097;-1.42511;1.257;-1.41176;1.53165;0.338035;0.342377;0.14328;0.160902;
1.42573;1.54024;0.908261;0.783792;-1.31413;1.35247;-1.43002;1.53309;0.357269;0.33252;0.256281;0.238992;
1.26354;1.65642;0.911479;0.772346;-1.2009;1.45888;-1.43504;1.53378;0.370076;0.325632;0.364564;0.3132;
1.18584;1.76424;0.900947;0.780163;-1.14053;1.55981;-1.44738;1.52309;0.370586;0.325219;0.356144;0.342251;
1.20711;1.68524;0.876701;0.921705;-1.14502;1.61339;-1.46868;1.54407;0.367944;0.323442;0.230747;0.289608;
1.34491;1.66063;0.829892;0.944497;-1.19386;1.5979;-1.503;1.55073;0.361206;0.323987;0.161031;0.190372;
1.45579;1.5615;0.805063;0.894879;-1.26113;1.50468;-1.51232;1.57786;0.350424;0.327979;0.182707;0.180985;
1.59121;1.41598;0.808593;0.886574;-1.35914;1.35596;-1.4872;1.60433;0.332103;0.335988;0.292088;0.281024;
1.72993;1.31757;0.805519;0.8714;-1.47697;1.22443;-1.47161;1.58347;0.332205;0.345782;0.354845;0.416353;
1.83516;1.24435;0.838989;0.862213;-1.55723;1.14385;-1.45527;1.56673;0.325011;0.350817;0.349483;0.412718;
1.87698;1.23317;0.858707;0.838559;-1.58195;1.12207;-1.44327;1.55244;0.324193;0.35126;0.259926;0.279525;
1.87201;1.28808;0.857499;0.815975;-1.5599;1.15132;-1.43985;1.54676;0.323565;0.343456;0.159184;0.17287;
1.78339;1.35805;0.861441;0.818516;-1.48449;1.2155;-1.42853;1.55107;0.336882;0.334529;0.170663;0.158087;
1.60616;1.48045;0.818445;0.797898;-1.36514;1.32387;-1.45633;1.55411;0.349151;0.326815;0.276349;0.252146;
1.42624;1.59995;0.831239;0.784714;-1.21996;1.42894;-1.47295;1.5506;0.347755;0.318971;0.414609;0.319885;
1.31766;1.6835;0.829877;0.794448;-1.16426;1.52718;-1.50094;1.54338;0.361415;0.316273;0.417387;0.341318;
1.30623;1.59322;0.8289;1.00215;-1.15551;1.58865;-1.50952;1.52153;0.359583;0.31607;0.297283;0.284364;
1.37266;1.55687;0.82564;0.984801;-1.19978;1.55431;-1.52676;1.52368;0.353601;0.312084;0.180344;0.210325;
1.46655;1.66242;0.787724;0.837003;-1.26631;1.47372;-1.53081;1.58642;0.344153;0.320573;0.160933;0.204977;
1.57561;1.55001;0.795293;0.821021;-1.35955;1.33846;-1.51754;1.57394;0.334506;0.326379;0.243284;0.286336;
1.69257;1.38971;0.791582;0.862597;-1.46047;1.21912;-1.50335;1.55983;0.332851;0.334016;0.302171;0.378703;
1.77551;1.28813;0.808066;0.832284;-1.53357;1.14126;-1.48975;1.54521;0.330505;0.336916;0.296071;0.369831;
1.77551;1.28813;0.808066;0.832284;-1.53357;1.14126;-1.48975;1.54521;0.330505;0.336916;0.296071;0.369831;
1.80806;1.24093;0.828011;0.862182;-1.56059;1.12513;-1.47908;1.53876;0.331991;0.33783;0.224752;0.243128;
1.79658;1.29421;0.837023;0.811858;-1.53223;1.1617;-1.46803;1.54528;0.334389;0.334088;0.150203;0.153677;
1.51417;1.47525;0.859804;0.777782;-1.33794;1.33598;-1.45422;1.54459;0.352472;0.322929;0.305359;0.265707;
1.35308;1.51713;0.855124;0.779029;-1.22401;1.37461;-1.48447;1.55115;0.359675;0.408117;0.42186;0.696129;
1.28197;1.5703;0.843982;0.794873;-1.15923;1.43824;-1.50877;1.58129;0.362572;0.391985;0.476966;0.751048;
1.29196;1.65721;0.833166;0.807743;-1.15601;1.5678;-1.53179;1.58486;0.360002;0.315885;0.267074;0.984148;
1.34952;1.63807;0.834348;0.821463;-1.20077;1.5499;-1.54023;1.5843;0.352129;0.317005;0.171048;0.567884;
1.47466;1.54707;0.813306;0.809953;-1.26623;1.45945;-1.54769;1.60327;0.336965;0.324414;0.164192;0.571923;
1.59506;1.44209;0.81123;0.841439;-1.36846;1.3425;-1.51963;1.55593;0.328826;0.33546;0.257729;0.277722;
1.7256;1.29636;0.820426;0.878481;-1.48289;1.2285;-1.51709;1.52056;0.322772;0.346017;0.322867;0.380978;
1.83603;1.2171;0.841424;0.877384;-1.58037;1.15559;-1.50044;1.50523;0.321987;0.348433;0.342782;0.360906;
1.88881;1.25121;0.860077;0.848527;-1.63822;1.14693;-1.49234;1.50262;0.324814;0.345748;0.289215;0.246393;
1.81659;1.3456;0.891435;0.810578;-1.6321;1.18985;-1.54507;1.4991;0.326535;0.340441;0.198024;0.170289;
1.69511;1.44562;0.894489;0.802091;-1.54817;1.2695;-1.56661;1.49765;0.326949;0.334382;0.197613;0.183254;
1.63852;1.55167;0.845808;0.793541;-1.43366;1.37153;-1.48163;1.496;0.334389;0.329978;0.260273;0.276119;
1.44528;1.65425;0.845656;0.791382;-1.28776;1.46415;-1.5031;1.4935;0.351533;0.32486;0.408526;0.321569;
1.30928;1.7467;0.850778;0.799207;-1.17685;1.54687;-1.51529;1.46144;0.35458;0.321523;0.445099;0.316903;
1.25451;1.7602;0.856882;0.813991;-1.14539;1.56631;-1.53323;1.44681;0.358074;0.32066;0.377025;0.225464;
1.2861;1.72236;0.856045;0.810889;-1.15483;1.52611;-1.54741;1.4402;0.352531;0.322495;0.223844;0.170921;
1.36323;1.62966;0.850728;0.816203;-1.20529;1.42648;-1.55378;1.43482;0.34286;0.329257;0.150974;0.198366;
1.47692;1.5084;0.819607;0.811395;-1.27805;1.29026;-1.57151;1.4515;0.338225;0.328873;0.178183;0.320452;
1.55005;1.39832;0.807917;0.803142;-1.37089;1.19424;-1.55416;1.47586;0.340332;0.332976;0.261492;0.372934;
1.63649;1.30612;0.805144;0.803276;-1.44511;1.1428;-1.54336;1.48031;0.338179;0.339715;0.277146;0.313796;
1.68171;1.29298;0.80688;0.801931;-1.49339;1.14036;-1.53966;1.4835;0.340367;0.340136;0.245832;0.173703;
1.66107;1.32924;0.823244;0.795703;-1.50064;1.17986;-1.51957;1.48541;0.348121;0.337326;0.167283;0.116112;
1.59983;1.44079;0.827639;0.752225;-1.45187;1.23911;-1.52726;1.50213;0.354128;0.333482;0.143726;0.125987;
1.46587;1.49967;0.858386;0.755328;-1.36826;1.3128;-1.54792;1.49325;0.365343;0.335185;0.195296;0.204197;
1.3044;1.56451;0.904208;0.757807;-1.26197;1.38642;-1.54221;1.4861;0.376798;0.33632;0.303008;0.242958;
1.20588;1.66238;0.911196;0.757543;-1.17933;1.44673;-1.54027;1.47051;0.378225;0.332132;0.346389;0.245693;
1.19353;1.66763;0.896867;0.767635;-1.1536;1.47572;-1.53644;1.45985;0.373729;0.332562;0.282007;0.201867;
1.22733;1.65265;0.890454;0.785678;-1.16471;1.46044;-1.53489;1.44485;0.366118;0.334832;0.192938;0.150282;
1.33259;1.55807;0.859082;0.815319;-1.21574;1.39989;-1.53597;1.44676;0.358147;0.341583;0.17396;0.16211;
1.44371;1.42421;0.837553;0.823835;-1.28977;1.28678;-1.5436;1.44552;0.347461;0.351216;0.23747;0.252098;
1.61244;1.2598;0.820829;0.8604;-1.39528;1.18265;-1.53152;1.45572;0.338861;0.36007;0.353223;0.352542;
1.61244;1.2598;0.820829;0.8604;-1.39528;1.18265;-1.53152;1.45572;0.338861;0.36007;0.353223;0.352542;
1.59423;1.18508;0.936333;0.833466;-1.48079;1.1215;-1.5795;1.49374;0.322425;0.36356;0.408054;0.400412;
1.59897;1.2376;0.927471;0.814865;-1.45657;1.15394;-1.56933;1.49694;0.320016;0.358302;0.350558;0.318163;
1.58732;1.35424;0.882757;0.791155;-1.39193;1.21869;-1.51535;1.50682;0.331529;0.35025;0.275129;0.266678;
1.46404;1.51861;0.918581;0.756467;-1.29198;1.30753;-1.52101;1.52205;0.346667;0.33926;0.262777;0.234068;
1.30611;1.60934;0.940869;0.779843;-1.18969;1.39734;-1.50054;1.50497;0.358823;0.329772;0.350076;0.282656;
1.24707;1.6818;0.92369;0.795749;-1.13236;1.46583;-1.49872;1.50093;0.356627;0.324349;0.34404;0.273131;
1.29464;1.71221;0.883454;0.814982;-1.14722;1.48197;-1.50012;1.478;0.353825;0.321951;0.271619;0.207649;
1.38227;1.67048;0.859032;0.827735;-1.20157;1.44485;-1.51132;1.46739;0.350002;0.322836;0.221839;0.160053;
1.47014;1.57415;0.855012;0.82934;-1.27583;1.33352;-1.50784;1.4804;0.343429;0.319315;0.242304;0.207306;
1.47014;1.57415;0.855012;0.82934;-1.27583;1.33352;-1.50784;1.4804;0.343429;0.319315;0.242304;0.207306;
1.64363;1.27548;0.890033;0.882754;-1.43107;1.14948;-1.45297;1.50348;0.329125;0.3417;0.39355;0.410837;
1.6449;1.25921;0.931337;0.846167;-1.46268;1.1201;-1.42086;1.51738;0.326952;0.345833;0.356615;0.415597;
1.6449;1.25921;0.931337;0.846167;-1.46268;1.1201;-1.42086;1.51738;0.326952;0.345833;0.356615;0.415597;
1.6449;1.25921;0.931337;0.846167;-1.46268;1.1201;-1.42086;1.51738;0.326952;0.345833;0.356615;0.415597;
1.41676;1.51973;0.928621;0.739994;-1.29288;1.27818;-1.45366;1.57815;0.341484;0.322905;0.460439;0.489065;
1.32987;1.6135;0.920156;0.734685;-1.18794;1.37541;-1.47303;1.57598;0.34109;0.319158;0.37607;0.354667;
1.28446;1.71383;0.891582;0.728049;-1.12378;1.46543;-1.47315;1.56446;0.33987;0.322081;0.40191;0.394368;
1.31473;1.74888;0.880212;0.734116;-1.11707;1.52166;-1.4716;1.56389;0.338026;0.328127;0.213828;0.26418;
1.35715;1.74263;0.880899;0.741487;-1.15472;1.52122;-1.46797;1.55098;0.334286;0.330536;0.144782;0.179597;
1.41898;1.67228;0.884492;0.745534;-1.23163;1.45889;-1.46621;1.55256;0.332015;0.336066;0.16265;0.158029;
1.53233;1.54237;0.875021;0.75852;-1.33009;1.3434;-1.46631;1.55275;0.322213;0.344047;0.259788;0.227234;